0 1: 472 0.464567
0 2: 452 0.444882
0 3: 356 0.350394
0 4: 362 0.356299
0 5: 468 0.460630
0 6: 688 0.677165
0 7: 552 0.543307
1 2: 330 0.324803
1 3: 448 0.440945
1 4: 538 0.529528
1 5: 598 0.588583
1 6: 750 0.738189
1 7: 636 0.625984
2 3: 392 0.385827
2 4: 486 0.478346
2 5: 572 0.562992
2 6: 722 0.710630
2 7: 618 0.608268
3 4: 406 0.399606
3 5: 524 0.515748
3 6: 716 0.704724
3 7: 598 0.588583
4 5: 454 0.446850
4 6: 660 0.649606
4 7: 532 0.523622
5 6: 652 0.641732
5 7: 544 0.535433
6 7: 578 0.568898
0 1: 1754 0.458922
0 2: 1562 0.408687
0 3: 1466 0.383569
0 4: 1494 0.390895
0 5: 1848 0.483516
0 6: 2538 0.664050
0 7: 2254 0.589744
1 2: 1242 0.324961
1 3: 1586 0.414966
1 4: 1904 0.498168
1 5: 2104 0.550497
1 6: 2578 0.674516
1 7: 2378 0.622187
2 3: 1456 0.380952
2 4: 1798 0.470434
2 5: 2008 0.525379
2 6: 2580 0.675039
2 7: 2334 0.610675
3 4: 1578 0.412873
3 5: 1902 0.497645
3 6: 2574 0.673469
3 7: 2304 0.602826
4 5: 1732 0.453166
4 6: 2526 0.660911
4 7: 2200 0.575615
5 6: 2448 0.640502
5 7: 2068 0.541078
6 7: 2114 0.553114
0 1: 1674 0.407101
0 2: 1628 0.395914
0 3: 1400 0.340467
0 4: 1360 0.330739
0 5: 1666 0.405156
0 6: 2298 0.558852
0 7: 2054 0.499514
1 2: 1194 0.290370
1 3: 1410 0.342899
1 4: 1838 0.446984
1 5: 1970 0.479086
1 6: 2410 0.586089
1 7: 2236 0.543774
2 3: 1440 0.350195
2 4: 1764 0.428988
2 5: 1892 0.460117
2 6: 2362 0.574416
2 7: 2186 0.531615
3 4: 1504 0.365759
3 5: 1806 0.439202
3 6: 2372 0.576848
3 7: 2146 0.521887
4 5: 1558 0.378891
4 6: 2236 0.543774
4 7: 1960 0.476654
5 6: 2120 0.515564
5 7: 1768 0.429961
6 7: 1820 0.442607
0 1: 1616 0.405013
0 2: 1592 0.398997
0 3: 1382 0.346366
0 4: 1320 0.330827
0 5: 1784 0.447118
0 6: 2304 0.577444
0 7: 2116 0.530326
1 2: 1202 0.301253
1 3: 1536 0.384962
1 4: 1744 0.437093
1 5: 2032 0.509273
1 6: 2372 0.594486
1 7: 2234 0.559900
2 3: 1480 0.370927
2 4: 1704 0.427068
2 5: 2004 0.502256
2 6: 2428 0.608521
2 7: 2232 0.559398
3 4: 1440 0.360902
3 5: 1812 0.454135
3 6: 2346 0.587970
3 7: 2180 0.546366
4 5: 1628 0.408020
4 6: 2242 0.561905
4 7: 1954 0.489724
5 6: 2160 0.541353
5 7: 1804 0.452130
6 7: 1910 0.478697
